      Step     Time          Energy          fmax
BFGS:    0 15:35:55     -225.354127         2.921717
BFGS:    1 15:44:56     -226.285695         1.592610
